new population: 
 [[ 0.19585127 -0.9264338   0.27480114 -0.31096539]
 [ 0.99071723 -0.62228411  0.00677708  0.29658396]
 [-0.99519968  0.51426722 -0.62563145 -0.55191613]
 [ 0.835203    0.4954197   0.88405925 -0.85152596]
 [-0.69418774  0.19499202 -0.71301293 -0.66819176]] 
Original Generation fitnesses: 
 [172, 122, 56402, 137, 20042] 
Generation 1 fitnesses: [56402, 20042, 55717, 27571, 55717]
current best [-0.99519968  0.51426722 -0.62563145 -0.55191613]
Generation 2 fitnesses: [56402, 55717, 55088, 4724, 55748]
current best [-0.99519968  0.51426722 -0.62563145 -0.55191613]
Generation 3 fitnesses: [56402, 55748, 54153, 55748, 55717]
current best [-0.99519968  0.51426722 -0.62563145 -0.55191613]
Generation 4 fitnesses: [56402, 55748, 55717, 55717, 53916]
current best [-0.99519968  0.51426722 -0.62563145 -0.55191613]
Generation 5 fitnesses: [56402, 55748, 55748, 51674, 59075]
current best [-0.99519968  0.51426722 -1.50641223 -0.66819176]
Best solution: [-0.99519968  0.51426722 -1.50641223 -0.66819176]
best solution fitness: 59075
